1 1 1 1 2 3 
1 0 0 1 2 3 
1 1 1 1 2 3 
2 2 2 2 3 4 
3 3 3 3 3 3 
4 4 4 3 2 2 
5 4 3 2 1 1 
5 4 3 2 1 0 

distpercent

0.277778 0.196732 0.196732 0.277778 0.437908 0.620261 
0.196732 0 0 0.196732 0.392157 0.588889 
0.277778 0.196732 0.196732 0.277778 0.437908 0.620261 
0.437908 0.392157 0.392157 0.437908 0.554902 0.706536 
0.620261 0.588889 0.588889 0.620261 0.620261 0.588889 
0.808497 0.784314 0.706536 0.554902 0.437908 0.392157 
0 0.808497 0.620261 0.437908 0.277778 0.196732 
0.981046 0.784314 0.588889 0.392157 0.196732 0